0.0
2.9102931247235223e-05
0.0031343856953272332
0.00282589462410654
0.005512095178226351
0.004560429326441759
0.004921305673907476
0.004621545482060953
0.004339247048962771
0.0018218434960769248
0.0008847291099159507
0.002380619776023841
0.005971921491932667
0.011446182859537612
0.01735407790272636
0.02297967451281693
0.024068124141463528
0.023966263882098205
0.020587413564294197
0.01766547926707178
0.014734814090475192
0.013736583548695025
0.011769225396381923
0.01114642266769109
0.010354822937766291
0.009650532001583199
0.009225629205373564
0.008614467649181626
0.007569672417405881
0.007322297501804382
0.006716956531861889
0.006705315359362995
0.006079602337547438
0.005611045144466951
0.005349118763241833
0.005087192382016717
0.004842727759539941
0.004499313170822565
0.004240297082722172
0.0042111941514749365
0.0041384368233568485
0.003838676631510326
0.0035592884915368675
0.0035156340946660147
0.0032566180065656215
0.003183860678447533
0.002849176969104328
0.002607622639752276
0.0026018020535028288
0.002563968242881423
0.002497031501012782
0.002476659449139717
0.0024271844660194173
0.002447556517892482
0.0022380154129123886
0.0021041419291751066
0.0020721287048031476
0.0022147330679146006
0.002246746292286559
0.0023922609485227354
0.0026512770366231286
0.0021099625154245537
0.0017258038229610486
0.0016035715117226608
0.0015395450629787431
0.0011379246117668971
0.0012834392680030732
0.0008730879374170567
0.0007566762124281158
0.0013329142511233731
0.001766547926707178
0.0012892598542525203
0.0020197434285581244
0.001041884938651021
0.0019120625829433541
0.0013445554236222671
0.0019935507904356125
0.0011524760773905147
0.003020884263463016
0.002005191962934507
0.002581430001629764
0.001839305254825266
0.0028317152103559872
0.0021885404297920887
0.0028520872622290515
0.0021477963260459593
0.0020925007566762123
0.0015308141836045727
0.0011350143186421736
0.0007537659193033922
0.0008265232474214803
0.0007741379711764569
0.001097180508020768
0.0007945100230495215
0.0011466554911410678
0.000986589369281274
0.0012339642848827733
0.0010331540592768505
0.0007770482643011805
0.0009342040930362506
0.0009720379036576564
0.0010186025936532327
0.0010768084561477032
0.0011670275430141323
0.001527903890479849
0.0017519964610835602
0.0018625875998230543
0.002168168377919024
0.0026163535191264463
0.002610532932876999
0.0029452166422202046
0.003221694489068939
0.0033759400246792855
0.003390491490302903
0.0036087634746571674
0.0036669693371516377
0.0037746501827664084
0.0038153942865125374
0.003678610509650532
0.004222835323973831
0.004356708807711112
0.004545877860818142
0.004583711671439547
0.004560429326441759
0.004563339619566483
0.00451968522269563
0.004446927894577542
0.004429466135829201
0.004307233824590813
0.003760098717142791
0.0036873413890247024
0.0038095737002630907
0.0037775604758911317
0.003786291355265302
0.0036465972852785735
0.003835766338385602
0.0038503178040092197
0.0036815208027752553
0.003469069404670438
0.0034865311634187796
0.0034195944215501387
0.003678610509650532
0.0036320458196549554
0.00359421200903355
0.003524364974040185
0.003955088356499267
0.004161719168354637
0.0044411073083280945
0.004697213103303764
0.004819445414542153
0.005142487951386464
0.0056081348513422275
0.00566052012758725
0.005742008335079509
0.0059661009056832205
0.006443388978137878
0.007121487276198458
0.006926497636841983
0.007450350399292217
0.007741379711764569
0.007787944401760145
0.008198295732346162
0.008340900095457614
0.00832052804358455
0.008535889734814091
0.009077204256012666
0.008957882237899001
0.0090073572210193
0.009062652790389049
0.009240180670997182
0.00898989546227096
0.009231449791623013
0.00907138366976322
0.009248911550371353
0.008876394030406742
0.009042280738515983
0.008789085236665037
0.008870573444157296
0.008608647062932179
0.008789085236665037
0.008562082372936602
0.008567902959186049
0.00828851481921259
0.00821284719796978
0.00823030895671812
0.00832052804358455
0.008035319317361645
0.008186654559847267
0.008145910456101139
0.008049870782985262
0.008335079509208167
0.007953831109869386
0.007945100230495215
0.008029498731112198
0.008044050196735816
0.008067332541733604
0.008087704593606668
0.008448580941072386
0.008896766082279807
0.008579544131684944
0.00903937044539126
0.0090073572210193
0.009225629205373564
0.009478824707224512
0.00923727037787246
0.009365323275360294
0.009714558450327117
0.009702917277828222
0.009618518777211241
0.010008498055924193
0.01022094945402901
0.010113268608414239
0.010331540592768503
0.010672044888361156
0.010811738958347885
0.010768084561477032
0.010770994854601755
0.010858303648343462
0.010628390491490303
0.010878675700216526
0.010573094922120555
0.010753533095853415
0.010471234662755232
0.010255872971525692
0.010520709645875533
0.010200577402155945
0.010081255384042281
0.010060883332169215
0.010177295057158158
0.010095806849665899
0.00981641870969244
0.009644711415333752
0.0096010570184629
0.009292565947242206
0.009225629205373564
0.009222718912248842
0.00898116458289679
0.009190705687876883
0.008594095597308561
0.00887348373728202
0.008730879374170566
0.008611557356056902
0.008640660287304137
0.008739610253544737
0.008541710321063538
0.008407836837326255
0.00862610882168052
0.008917138134152873
0.008498055924192685
0.00858536471793439
0.00884147051291006
0.008896766082279807
0.008672673511676096
0.009059742497264324
0.008984074876021512
0.009633070242834859
0.00995611277967917
0.010255872971525692
0.010331540592768503
0.01049451700775302
0.010482875835254127
0.010445042024632721
0.010768084561477032
0.010919419803962655
0.010727340457730902
0.011041652115201044
0.010942702148960443
0.01160915927452213
0.011419990221415101
0.011131871202067472
0.011265744685804754
0.011405438755791484
0.01157714605015017
0.010861213941468184
0.010846662475844567
0.011149332960815814
0.010770994854601755
0.010820469837722056
0.010768084561477032
0.010788456613350096
0.01067495518148588
0.010159833298409816
0.009967753952178063
0.009950292193429723
0.009880445158436358
0.009764033433447417
0.009729109915950735
0.00975821284719797
0.009764033433447417
0.009615608484086517
0.009569043794090942
0.00960978789783707
0.009452632069102
0.009243090964121906
0.009534120276594258
0.009525389397220089
0.009420618844730042
0.009531209983469536
0.0095515820353426
0.010218039160904286
0.010305347954645992
0.010421759679634933
0.010305347954645992
0.010491606714628298
0.010488696421503574
0.011137691788316919
0.01125410351330586
0.011341412307047567
0.011207538823310284
0.011620800447021023
0.011486926963283742
0.011827431258876394
0.011911829759493377
0.012205769365090453
0.012336732555703011
0.012226141416963517
0.012263975227584923
0.012298898745081605
0.012272706106959092
0.012165025261344322
0.012118460571348745
0.012159204675094876
0.01226979581383437
0.012223231123838793
0.012249423761961305
0.012095178226350959
0.012115550278224023
0.012063165001979
0.011938022397615888
0.011734301878885241
0.011556773998277106
0.011437451980163441
0.011422900514539824
0.011259924099555308
0.01089904775208959
0.010995087425205467
0.010712788992107284
0.011012549183953807
0.011291937323927265
0.011975856208237294
0.012776186817536263
0.013078857302507508
0.013116691113128914
0.013128332285627809
0.012528811901934762
0.013925752601802054
0.014053805499289888
0.014490349467998417
0.014184768689902446
0.013474657167469907
0.013803520290563665
0.01402179227491793
0.014889059626085539
0.015136434541687038
0.01509569043794091
0.015334334474168237
0.015983329840981584
0.016655607552792717
0.016355847360946193
0.017167819142744057
0.017394822006472493
0.017380270540848876
0.01714744709087099
0.017339526437102744
0.017560708714581732
0.018215524667644527
0.018323205513259295
0.01835812903075598
0.018340667272007637
0.019178831691928012
0.01894891853507485
0.019766710903122164
0.019868571162487487
0.019720146213126587
0.019292333123792228
0.019461130125026194
0.019417475728155338
0.02011303578496426
0.02028474307932295
0.02036623128681521
0.020133407836837328
0.02036041070056576
0.020526297408675002
0.020532117994924447
0.02042443714930968
0.021192754534236687
0.021280063327978393
0.02100358548112966
0.020762031151777608
0.0211694721892389
0.021801005797303905
0.02212986892039766
0.021635119089194663
