0.005256382191366711
0.005389290219011581
0.006887763079713544
0.0079692695791767
0.009545923632610939
0.011153850163138088
0.01271226193826813
0.013913646266587443
0.01495606216968446
0.015860357965621123
0.016793320198892955
0.01746567845639053
0.018143248793403594
0.01866185070519436
0.01924820965068643
0.019753781363688484
0.02021244436105117
0.020621592603016752
0.02109328579916815
0.021447707206221137
0.021916794362614796
0.022250367451605843
0.022651697574298194
0.02301654314038215
0.02342569138234773
0.02376447655085426
0.024014656367597545
0.024468107285444747
0.024731317300976743
0.02491113404426098
0.025130041383911353
0.02540106951871658
0.025661673494490833
0.02680833098789755
0.02751196172248804
0.027715232823591958
0.02780905025487069
0.02791329184518039
0.028043593833067516
0.028429287717213415
0.02874201248814252
0.02900001042415903
0.029461279461279462
0.02942740094442881
0.030417696052370977
0.030425514171644203
0.03061575507395941
0.030946722123192712
0.031173447582116313
0.031340234126611834
0.03173114009027322
0.0318405937600984
0.03176762464688161
0.031728534050515476
0.03203344070217135
0.03220022724666687
0.03228362051891464
0.03244780102365242
0.03260155736935923
0.032836100947556054
0.033200946513640014
0.03356579207972397
0.03341203573401716
0.03333906662080037
0.033294763944918745
0.03339118741595522
0.033628337033909786
0.03377688130010111
0.03383421417477145
0.03401142487829795
0.03410003023006119
0.0342720288540722
0.03432675568898479
0.03441014896123255
0.03463687442015615
0.034845357600775555
0.03500953810551334
0.03525189980298339
0.0355463822956083
0.035215415246375
0.0353196568366847
0.035376989711355035
0.035486443381180226
0.035806986271382554
0.03587474330508386
0.035376989711355035
0.035379595751112776
0.03550207961972668
0.035752259436469966
0.035752259436469966
0.03630213382535364
0.0358095923111403
0.03593728825926969
0.036268255308502986
0.036419405614452054
0.036505404926457555
0.03658358611918983
0.03630473986511138
0.03648195056863787
0.03641679957469431
0.03649237472766884
0.03656534384088564
0.036687827709499535
0.03679206929980924
0.0369119471286654
0.03709176387194963
0.037305459132084516
0.03732370141038872
0.03749048795488424
0.037495700034399726
0.0376963650957459
0.037996059667886294
0.037758910049931725
0.03820714888826344
0.03796478719079338
0.03768072885719945
0.03850684346040383
0.039572713721320533
0.03973689422605831
0.039661319073083776
0.03995580156570869
0.04013301226923518
0.04033888941009684
0.040463979318468485
0.04083143092431018
0.04087312756043406
0.04089136983873826
0.04094088459413537
0.04130312412046158
0.04127185164336867
0.041347426796343206
0.041224942927729304
0.041498577102292274
0.04162366701066392
0.04181390791297912
0.041842574350314285
0.042280389029615034
0.04223348031397567
0.04225693467179535
0.042728627867946754
0.0426765070727919
0.042814627179952255
0.042814627179952255
0.04276511242455515
0.04192857366231979
0.04173572672024684
0.04274687014625095
0.0424862661704767
0.042976201644932294
0.044039465866091254
0.04356777266993985
0.04408376854197288
0.04451115906224266
0.0439873450709364
0.04460758253327913
0.04477176303801691
0.044573704016428475
0.044993276417425024
0.0451939414787712
0.04585326953748006
0.04557442328340161
0.04411764705882353
0.0447222482826198
0.04490727710541952
0.04324722977973752
0.04357037870969759
0.042986625803963265
0.04333062305198528
0.04210317832608854
0.0447040060043156
0.043950860514328005
0.045092305928219244
0.04619205470598659
0.04552230248824676
0.044565885897155245
0.04539460654011738
0.04481345967414079
0.04722404645005264
0.0474664081475227
0.04699210891161355
0.04833682542660871
0.04886845753718819
0.04760974033419854
0.04795113154246281
0.04716150149586682
0.04892579041185852
0.04914990983102438
0.04829773483024257
0.04801367649664863
0.048850215258883986
0.04695041227548968
0.045881935974815234
0.04775828460038986
0.047104168621196485
0.0494391802441338
0.0427807486631016
0.053051151348364974
0.04584284537844909
0.04810749392792736
0.047966767781009265
0.04975451105482065
0.05072916992421636
0.05058062565802504
0.05232927833547028
0.04991347948004295
0.051120075887877744
0.05088813834943866
0.051474497294930734
0.05912583002366284
0.04322898750143332
0.05009850830284267
0.051899281775442764
