0.12626460158531497
0.13061574363788067
0.13301131622861911
0.13600985607008761
0.13991121714643304
0.14251864309553608
0.14598326032540676
0.14791601481017938
0.15104818523153943
0.15656289111389238
0.15905624217772216
0.16110633083020443
0.16310101168126825
0.16525213808927827
0.16940446391322486
0.16980861493533583
0.16957394659991656
0.17297337818105965
0.17674110867751355
0.17918882978723405
0.18136928973717145
0.1842244211514393
0.18619954630788485
0.18983364622444723
0.1912709897788903
0.19535487067167293
0.19721266166040885
0.20036438777638715
0.20182454630788485
0.2051848664997914
0.20752177200667501
0.20659613579474342
0.21066697955778055
0.21745280559032124
0.22004393512724238
0.21904985398414686
0.22257313829787234
0.22386381414267834
0.22468189403420943
0.2297305225281602
0.22892547976637465
0.22740013558614935
0.2234270702962036
0.2206403838130997
0.22571182728410513
0.22809436274509803
0.22780102732582394
0.22838117959949938
0.23199572382144348
0.23037260116812683
0.22937852002503129
0.23021941489361702
0.23027808197747185
0.23471722465581976
0.23341025239883187
0.2408674906132666
0.23430981435127243
0.24058719232373801
0.23801561848143513
0.23598508552357114
0.24454396120150187
0.2376799123904881
0.23763102315394244
0.24090334272006675
0.2374973925740509
0.243142469753859
0.24713183145598666
0.24421477367542763
0.2490939194826867
0.24743494472256988
0.24571078431372548
0.2496610346266166
0.2532918752607426
0.25571352211097204
0.26206586357947437
0.261658453274927
0.2585816906549854
0.2612999322069253
0.26546203587818107
0.2645787703379224
0.2661432259073842
0.26693849082186066
0.26773375573633706
0.26666145181476847
0.2605665936587401
0.26207890070921985
0.26496988423028783
0.26238527325823946
0.26367920838548187
0.2662116708385482
0.2658564090529829
0.26798472048393823
0.2688093189403421
0.2684964278264497
0.2699109564038381
0.2711136316228619
0.2693308041301627
0.2708333333333333
0.2727856435127242
0.274822695035461
0.2777919013350021
0.2822636368377138
0.2680531654151022
0.2781243481435127
0.2789522058823529
0.27445765540258654
0.28295134543178974
0.2792976898206091
0.277593085106383
0.28497861910721733
0.2818985972048394
0.28003754693366706
0.285835810387985
0.28417683562786816
0.28280793700458906
0.2809794795577806
0.29071821547768045
0.28108703587818107
0.28742634021693786
0.29079317897371715
0.2859401074259491
0.287986936795995
0.28921894555694616
0.28578366186900295
0.2909137724238632
0.28917983416770965
0.2876284157279933
0.29318875156445556
0.2943686118064247
0.2898805798915311
0.2908159939507718
0.2924619315811431
0.2979961931581143
0.30534261576971217
0.30128480913642053
0.30442023884021696
0.3012945869837297
0.32362393095536085
0.3268180277430121
0.3224082186065916
0.3151302409261577
0.3166425479766375
0.31707277325823946
0.3152508343763037
0.312930225281602
0.316776178556529
0.31965738423028783
0.3177409261576971
0.3222941437213183
0.3250058667083855
0.31303126303712975
0.33112028055903214
0.31690654985398414
0.32057976115978304
0.32387163642052563
0.320716651022111
0.3209415415102211
0.32201384543178974
0.31988553400083436
0.3170923289528577
0.3247679390905298
0.3259543178973717
0.3202212400917814
0.3271569931163955
0.3211631727158949
0.31858508030871924
0.33776269816437215
0.3266843971631206
0.3372086201501877
0.3674189090529829
0.34910826032540676
0.3369641739674593
0.3448842302878598
0.32749269920734253
0.33005775448477265
0.33283466312056736
0.3199116082603254
0.3215901387150605
0.323324076971214
0.3175355913642053
0.3213000625782228
0.3151595744680851
0.3156680225281602
0.32947108364622446
0.3127737797246558
0.3326782175636212
0.3258956508135169
0.3169749947851481
0.3316808771380893
0.326068392782645
0.3213685075093867
0.3341872653316646
0.32618898623279097
0.3250645337922403
0.33129628181059656
0.32978071547768045
0.3280826293283271
0.3284313725490196
0.3357614987484355
0.3313093189403421
0.32961775135586147
0.33677513558614935
0.33263910617438464
0.3287735972048394
0.3355822382144347
0.3372053608677514
0.3288094493116395
0.3367197277847309
0.33505749374217775
0.32828470483938255
0.34218880371297455
0.3335093345848978
0.3309410200250313
0.34658557571964954
0.32688647267417603
0.3355822382144347
0.3460869055068836
0.3299762724238632
0.3375801783479349
0.3463835002085941
0.33101924280350437
0.3412533896537338
0.34606409052982895
0.3334017782644973
0.339327153733834
0.3408394607843137
0.3427494002920317
0.3418335419274093
0.34464956195244056
0.34119798185231537
0.3455360867751356
0.3439944461827284
0.345161269294952
0.34712987588652483
0.3455034939507718
0.34404985398414684
0.3431796255736337
0.34252776908635796
0.34794469649561954
0.3461129797663746
0.3468365404672507
0.3507346422611598
0.34374022215269084
0.3446691176470588
0.3495384856070088
0.348172846266166
0.34538290050062576
0.3502522684605757
0.3428113266583229
0.3546360033375052
0.347690472465582
0.35181346474760117
0.36313621193158113
0.3601702649144764
0.3667703118481435
0.36943966416353774
